 DIHEDRAL 59 62 64 66 $FC 0.0
 DIHEDRAL 106 109 111 113 $FC 0.0
 IMPROPER 35 24 27 29 $FC 120.0
 DIHEDRAL 197 200 202 204 $FC 0.0
 DIHEDRAL 244 247 249 251 $FC 0.0
 IMPROPER 173 162 165 167 $FC 120.0
 DIHEDRAL 335 338 340 342 $FC 0.0
 DIHEDRAL 382 385 387 389 $FC 0.0
 IMPROPER 311 300 303 305 $FC 120.0
 DIHEDRAL 473 476 478 480 $FC 0.0
 DIHEDRAL 520 523 525 527 $FC 0.0
 IMPROPER 449 438 441 443 $FC 120.0
 DIHEDRAL 611 614 616 618 $FC 0.0
 DIHEDRAL 658 661 663 665 $FC 0.0
 IMPROPER 587 576 579 581 $FC 120.0
 DIHEDRAL 749 752 754 756 $FC 0.0
 DIHEDRAL 796 799 801 803 $FC 0.0
 IMPROPER 725 714 717 719 $FC 120.0
 DIHEDRAL 887 890 892 894 $FC 0.0
 DIHEDRAL 934 937 939 941 $FC 0.0
 IMPROPER 863 852 855 857 $FC 120.0
 DIHEDRAL 1025 1028 1030 1032 $FC 0.0
 DIHEDRAL 1072 1075 1077 1079 $FC 0.0
 IMPROPER 1001 990 993 995 $FC 120.0
 DIHEDRAL 1163 1166 1168 1170 $FC 0.0
 DIHEDRAL 1210 1213 1215 1217 $FC 0.0
 IMPROPER 1139 1128 1131 1133 $FC 120.0
 DIHEDRAL 1301 1304 1306 1308 $FC 0.0
 DIHEDRAL 1348 1351 1353 1355 $FC 0.0
 IMPROPER 1277 1266 1269 1271 $FC 120.0
 DIHEDRAL 1439 1442 1444 1446 $FC 0.0
 DIHEDRAL 1486 1489 1491 1493 $FC 0.0
 IMPROPER 1415 1404 1407 1409 $FC 120.0
 DIHEDRAL 1577 1580 1582 1584 $FC 0.0
 DIHEDRAL 1624 1627 1629 1631 $FC 0.0
 IMPROPER 1553 1542 1545 1547 $FC 120.0
 DIHEDRAL 1715 1718 1720 1722 $FC 0.0
 DIHEDRAL 1762 1765 1767 1769 $FC 0.0
 IMPROPER 1691 1680 1683 1685 $FC 120.0
 DIHEDRAL 1853 1856 1858 1860 $FC 0.0
 DIHEDRAL 1900 1903 1905 1907 $FC 0.0
 IMPROPER 1829 1818 1821 1823 $FC 120.0
 DIHEDRAL 1991 1994 1996 1998 $FC 0.0
 DIHEDRAL 2038 2041 2043 2045 $FC 0.0
 IMPROPER 1967 1956 1959 1961 $FC 120.0
 DIHEDRAL 2129 2132 2134 2136 $FC 0.0
 DIHEDRAL 2176 2179 2181 2183 $FC 0.0
 IMPROPER 2105 2094 2097 2099 $FC 120.0
 DIHEDRAL 2267 2270 2272 2274 $FC 0.0
 DIHEDRAL 2314 2317 2319 2321 $FC 0.0
 IMPROPER 2243 2232 2235 2237 $FC 120.0
 DIHEDRAL 2405 2408 2410 2412 $FC 0.0
 DIHEDRAL 2452 2455 2457 2459 $FC 0.0
 IMPROPER 2381 2370 2373 2375 $FC 120.0
 DIHEDRAL 2543 2546 2548 2550 $FC 0.0
 DIHEDRAL 2590 2593 2595 2597 $FC 0.0
 IMPROPER 2519 2508 2511 2513 $FC 120.0
 DIHEDRAL 2681 2684 2686 2688 $FC 0.0
 DIHEDRAL 2728 2731 2733 2735 $FC 0.0
 IMPROPER 2657 2646 2649 2651 $FC 120.0
 DIHEDRAL 2819 2822 2824 2826 $FC 0.0
 DIHEDRAL 2866 2869 2871 2873 $FC 0.0
 IMPROPER 2795 2784 2787 2789 $FC 120.0
 DIHEDRAL 2957 2960 2962 2964 $FC 0.0
 DIHEDRAL 3004 3007 3009 3011 $FC 0.0
 IMPROPER 2933 2922 2925 2927 $FC 120.0
 DIHEDRAL 3095 3098 3100 3102 $FC 0.0
 DIHEDRAL 3142 3145 3147 3149 $FC 0.0
 IMPROPER 3071 3060 3063 3065 $FC 120.0
 DIHEDRAL 3233 3236 3238 3240 $FC 0.0
 DIHEDRAL 3280 3283 3285 3287 $FC 0.0
 IMPROPER 3209 3198 3201 3203 $FC 120.0
 DIHEDRAL 3371 3374 3376 3378 $FC 0.0
 DIHEDRAL 3418 3421 3423 3425 $FC 0.0
 IMPROPER 3347 3336 3339 3341 $FC 120.0
 DIHEDRAL 3509 3512 3514 3516 $FC 0.0
 DIHEDRAL 3556 3559 3561 3563 $FC 0.0
 IMPROPER 3485 3474 3477 3479 $FC 120.0
 DIHEDRAL 3647 3650 3652 3654 $FC 0.0
 DIHEDRAL 3694 3697 3699 3701 $FC 0.0
 IMPROPER 3623 3612 3615 3617 $FC 120.0
 DIHEDRAL 3785 3788 3790 3792 $FC 0.0
 DIHEDRAL 3832 3835 3837 3839 $FC 0.0
 IMPROPER 3761 3750 3753 3755 $FC 120.0
 DIHEDRAL 3923 3926 3928 3930 $FC 0.0
 DIHEDRAL 3970 3973 3975 3977 $FC 0.0
 IMPROPER 3899 3888 3891 3893 $FC 120.0
 DIHEDRAL 4061 4064 4066 4068 $FC 0.0
 DIHEDRAL 4108 4111 4113 4115 $FC 0.0
 IMPROPER 4037 4026 4029 4031 $FC 120.0
 DIHEDRAL 4199 4202 4204 4206 $FC 0.0
 DIHEDRAL 4246 4249 4251 4253 $FC 0.0
 IMPROPER 4175 4164 4167 4169 $FC 120.0
 DIHEDRAL 4337 4340 4342 4344 $FC 0.0
 DIHEDRAL 4384 4387 4389 4391 $FC 0.0
 IMPROPER 4313 4302 4305 4307 $FC 120.0
 DIHEDRAL 4475 4478 4480 4482 $FC 0.0
 DIHEDRAL 4522 4525 4527 4529 $FC 0.0
 IMPROPER 4451 4440 4443 4445 $FC 120.0
 DIHEDRAL 4613 4616 4618 4620 $FC 0.0
 DIHEDRAL 4660 4663 4665 4667 $FC 0.0
 IMPROPER 4589 4578 4581 4583 $FC 120.0
 DIHEDRAL 4751 4754 4756 4758 $FC 0.0
 DIHEDRAL 4798 4801 4803 4805 $FC 0.0
 IMPROPER 4727 4716 4719 4721 $FC 120.0
 DIHEDRAL 4889 4892 4894 4896 $FC 0.0
 DIHEDRAL 4936 4939 4941 4943 $FC 0.0
 IMPROPER 4865 4854 4857 4859 $FC 120.0
 DIHEDRAL 5027 5030 5032 5034 $FC 0.0
 DIHEDRAL 5074 5077 5079 5081 $FC 0.0
 IMPROPER 5003 4992 4995 4997 $FC 120.0
 DIHEDRAL 5165 5168 5170 5172 $FC 0.0
 DIHEDRAL 5212 5215 5217 5219 $FC 0.0
 IMPROPER 5141 5130 5133 5135 $FC 120.0
 DIHEDRAL 5303 5306 5308 5310 $FC 0.0
 DIHEDRAL 5350 5353 5355 5357 $FC 0.0
 IMPROPER 5279 5268 5271 5273 $FC 120.0
 DIHEDRAL 5441 5444 5446 5448 $FC 0.0
 DIHEDRAL 5488 5491 5493 5495 $FC 0.0
 IMPROPER 5417 5406 5409 5411 $FC 120.0
 DIHEDRAL 5579 5582 5584 5586 $FC 0.0
 DIHEDRAL 5626 5629 5631 5633 $FC 0.0
 IMPROPER 5555 5544 5547 5549 $FC 120.0
 DIHEDRAL 5717 5720 5722 5724 $FC 0.0
 DIHEDRAL 5764 5767 5769 5771 $FC 0.0
 IMPROPER 5693 5682 5685 5687 $FC 120.0
 DIHEDRAL 5855 5858 5860 5862 $FC 0.0
 DIHEDRAL 5902 5905 5907 5909 $FC 0.0
 IMPROPER 5831 5820 5823 5825 $FC 120.0
 DIHEDRAL 5993 5996 5998 6000 $FC 0.0
 DIHEDRAL 6040 6043 6045 6047 $FC 0.0
 IMPROPER 5969 5958 5961 5963 $FC 120.0
 DIHEDRAL 6131 6134 6136 6138 $FC 0.0
 DIHEDRAL 6178 6181 6183 6185 $FC 0.0
 IMPROPER 6107 6096 6099 6101 $FC 120.0
 DIHEDRAL 6269 6272 6274 6276 $FC 0.0
 DIHEDRAL 6316 6319 6321 6323 $FC 0.0
 IMPROPER 6245 6234 6237 6239 $FC 120.0
 DIHEDRAL 6407 6410 6412 6414 $FC 0.0
 DIHEDRAL 6454 6457 6459 6461 $FC 0.0
 IMPROPER 6383 6372 6375 6377 $FC 120.0
 DIHEDRAL 6545 6548 6550 6552 $FC 0.0
 DIHEDRAL 6592 6595 6597 6599 $FC 0.0
 IMPROPER 6521 6510 6513 6515 $FC 120.0
 DIHEDRAL 6683 6686 6688 6690 $FC 0.0
 DIHEDRAL 6730 6733 6735 6737 $FC 0.0
 IMPROPER 6659 6648 6651 6653 $FC 120.0
 DIHEDRAL 6821 6824 6826 6828 $FC 0.0
 DIHEDRAL 6868 6871 6873 6875 $FC 0.0
 IMPROPER 6797 6786 6789 6791 $FC 120.0
 DIHEDRAL 6959 6962 6964 6966 $FC 0.0
 DIHEDRAL 7006 7009 7011 7013 $FC 0.0
 IMPROPER 6935 6924 6927 6929 $FC 120.0
 DIHEDRAL 7097 7100 7102 7104 $FC 0.0
 DIHEDRAL 7144 7147 7149 7151 $FC 0.0
 IMPROPER 7073 7062 7065 7067 $FC 120.0
 DIHEDRAL 7235 7238 7240 7242 $FC 0.0
 DIHEDRAL 7282 7285 7287 7289 $FC 0.0
 IMPROPER 7211 7200 7203 7205 $FC 120.0
 DIHEDRAL 7373 7376 7378 7380 $FC 0.0
 DIHEDRAL 7420 7423 7425 7427 $FC 0.0
 IMPROPER 7349 7338 7341 7343 $FC 120.0
 DIHEDRAL 7511 7514 7516 7518 $FC 0.0
 DIHEDRAL 7558 7561 7563 7565 $FC 0.0
 IMPROPER 7487 7476 7479 7481 $FC 120.0
 DIHEDRAL 7649 7652 7654 7656 $FC 0.0
 DIHEDRAL 7696 7699 7701 7703 $FC 0.0
 IMPROPER 7625 7614 7617 7619 $FC 120.0
 DIHEDRAL 7787 7790 7792 7794 $FC 0.0
 DIHEDRAL 7834 7837 7839 7841 $FC 0.0
 IMPROPER 7763 7752 7755 7757 $FC 120.0
 DIHEDRAL 7925 7928 7930 7932 $FC 0.0
 DIHEDRAL 7972 7975 7977 7979 $FC 0.0
 IMPROPER 7901 7890 7893 7895 $FC 120.0
 DIHEDRAL 8063 8066 8068 8070 $FC 0.0
 DIHEDRAL 8110 8113 8115 8117 $FC 0.0
 IMPROPER 8039 8028 8031 8033 $FC 120.0
 DIHEDRAL 8201 8204 8206 8208 $FC 0.0
 DIHEDRAL 8248 8251 8253 8255 $FC 0.0
 IMPROPER 8177 8166 8169 8171 $FC 120.0
 DIHEDRAL 8339 8342 8344 8346 $FC 0.0
 DIHEDRAL 8386 8389 8391 8393 $FC 0.0
 IMPROPER 8315 8304 8307 8309 $FC 120.0
 DIHEDRAL 8477 8480 8482 8484 $FC 0.0
 DIHEDRAL 8524 8527 8529 8531 $FC 0.0
 IMPROPER 8453 8442 8445 8447 $FC 120.0
 DIHEDRAL 8615 8618 8620 8622 $FC 0.0
 DIHEDRAL 8662 8665 8667 8669 $FC 0.0
 IMPROPER 8591 8580 8583 8585 $FC 120.0
 DIHEDRAL 8753 8756 8758 8760 $FC 0.0
 DIHEDRAL 8800 8803 8805 8807 $FC 0.0
 IMPROPER 8729 8718 8721 8723 $FC 120.0
 DIHEDRAL 8891 8894 8896 8898 $FC 0.0
 DIHEDRAL 8938 8941 8943 8945 $FC 0.0
 IMPROPER 8867 8856 8859 8861 $FC 120.0
 DIHEDRAL 9029 9032 9034 9036 $FC 0.0
 DIHEDRAL 9076 9079 9081 9083 $FC 0.0
 IMPROPER 9005 8994 8997 8999 $FC 120.0
 DIHEDRAL 9167 9170 9172 9174 $FC 0.0
 DIHEDRAL 9214 9217 9219 9221 $FC 0.0
 IMPROPER 9143 9132 9135 9137 $FC 120.0
 DIHEDRAL 9305 9308 9310 9312 $FC 0.0
 DIHEDRAL 9352 9355 9357 9359 $FC 0.0
 IMPROPER 9281 9270 9273 9275 $FC 120.0
 DIHEDRAL 9443 9446 9448 9450 $FC 0.0
 DIHEDRAL 9490 9493 9495 9497 $FC 0.0
 IMPROPER 9419 9408 9411 9413 $FC 120.0
 DIHEDRAL 9581 9584 9586 9588 $FC 0.0
 DIHEDRAL 9628 9631 9633 9635 $FC 0.0
 IMPROPER 9557 9546 9549 9551 $FC 120.0
 DIHEDRAL 9719 9722 9724 9726 $FC 0.0
 DIHEDRAL 9766 9769 9771 9773 $FC 0.0
 IMPROPER 9695 9684 9687 9689 $FC 120.0
 DIHEDRAL 9857 9860 9862 9864 $FC 0.0
 DIHEDRAL 9904 9907 9909 9911 $FC 0.0
 IMPROPER 9833 9822 9825 9827 $FC 120.0
 DIHEDRAL 9995 9998 10000 10002 $FC 0.0
 DIHEDRAL 10042 10045 10047 10049 $FC 0.0
 IMPROPER 9971 9960 9963 9965 $FC 120.0
 DIHEDRAL 10133 10136 10138 10140 $FC 0.0
 DIHEDRAL 10180 10183 10185 10187 $FC 0.0
 IMPROPER 10109 10098 10101 10103 $FC 120.0
 DIHEDRAL 10271 10274 10276 10278 $FC 0.0
 DIHEDRAL 10318 10321 10323 10325 $FC 0.0
 IMPROPER 10247 10236 10239 10241 $FC 120.0
 DIHEDRAL 10409 10412 10414 10416 $FC 0.0
 DIHEDRAL 10456 10459 10461 10463 $FC 0.0
 IMPROPER 10385 10374 10377 10379 $FC 120.0
 DIHEDRAL 10547 10550 10552 10554 $FC 0.0
 DIHEDRAL 10594 10597 10599 10601 $FC 0.0
 IMPROPER 10523 10512 10515 10517 $FC 120.0
 DIHEDRAL 10685 10688 10690 10692 $FC 0.0
 DIHEDRAL 10732 10735 10737 10739 $FC 0.0
 IMPROPER 10661 10650 10653 10655 $FC 120.0
 DIHEDRAL 10823 10826 10828 10830 $FC 0.0
 DIHEDRAL 10870 10873 10875 10877 $FC 0.0
 IMPROPER 10799 10788 10791 10793 $FC 120.0
 DIHEDRAL 10961 10964 10966 10968 $FC 0.0
 DIHEDRAL 11008 11011 11013 11015 $FC 0.0
 IMPROPER 10937 10926 10929 10931 $FC 120.0
 DIHEDRAL 11099 11102 11104 11106 $FC 0.0
 DIHEDRAL 11146 11149 11151 11153 $FC 0.0
 IMPROPER 11075 11064 11067 11069 $FC 120.0
 DIHEDRAL 11237 11240 11242 11244 $FC 0.0
 DIHEDRAL 11284 11287 11289 11291 $FC 0.0
 IMPROPER 11213 11202 11205 11207 $FC 120.0
 DIHEDRAL 11375 11378 11380 11382 $FC 0.0
 DIHEDRAL 11422 11425 11427 11429 $FC 0.0
 IMPROPER 11351 11340 11343 11345 $FC 120.0
 DIHEDRAL 11513 11516 11518 11520 $FC 0.0
 DIHEDRAL 11560 11563 11565 11567 $FC 0.0
 IMPROPER 11489 11478 11481 11483 $FC 120.0
 DIHEDRAL 11651 11654 11656 11658 $FC 0.0
 DIHEDRAL 11698 11701 11703 11705 $FC 0.0
 IMPROPER 11627 11616 11619 11621 $FC 120.0
 DIHEDRAL 11789 11792 11794 11796 $FC 0.0
 DIHEDRAL 11836 11839 11841 11843 $FC 0.0
 IMPROPER 11765 11754 11757 11759 $FC 120.0
 DIHEDRAL 11927 11930 11932 11934 $FC 0.0
 DIHEDRAL 11974 11977 11979 11981 $FC 0.0
 IMPROPER 11903 11892 11895 11897 $FC 120.0
 DIHEDRAL 12065 12068 12070 12072 $FC 0.0
 DIHEDRAL 12112 12115 12117 12119 $FC 0.0
 IMPROPER 12041 12030 12033 12035 $FC 120.0
 DIHEDRAL 12203 12206 12208 12210 $FC 0.0
 DIHEDRAL 12250 12253 12255 12257 $FC 0.0
 IMPROPER 12179 12168 12171 12173 $FC 120.0
 DIHEDRAL 12341 12344 12346 12348 $FC 0.0
 DIHEDRAL 12388 12391 12393 12395 $FC 0.0
 IMPROPER 12317 12306 12309 12311 $FC 120.0
 DIHEDRAL 12479 12482 12484 12486 $FC 0.0
 DIHEDRAL 12526 12529 12531 12533 $FC 0.0
 IMPROPER 12455 12444 12447 12449 $FC 120.0
 DIHEDRAL 12617 12620 12622 12624 $FC 0.0
 DIHEDRAL 12664 12667 12669 12671 $FC 0.0
 IMPROPER 12593 12582 12585 12587 $FC 120.0
 DIHEDRAL 12755 12758 12760 12762 $FC 0.0
 DIHEDRAL 12802 12805 12807 12809 $FC 0.0
 IMPROPER 12731 12720 12723 12725 $FC 120.0
 DIHEDRAL 12893 12896 12898 12900 $FC 0.0
 DIHEDRAL 12940 12943 12945 12947 $FC 0.0
 IMPROPER 12869 12858 12861 12863 $FC 120.0
 DIHEDRAL 13031 13034 13036 13038 $FC 0.0
 DIHEDRAL 13078 13081 13083 13085 $FC 0.0
 IMPROPER 13007 12996 12999 13001 $FC 120.0
 DIHEDRAL 13169 13172 13174 13176 $FC 0.0
 DIHEDRAL 13216 13219 13221 13223 $FC 0.0
 IMPROPER 13145 13134 13137 13139 $FC 120.0
 DIHEDRAL 13307 13310 13312 13314 $FC 0.0
 DIHEDRAL 13354 13357 13359 13361 $FC 0.0
 IMPROPER 13283 13272 13275 13277 $FC 120.0
 DIHEDRAL 13445 13448 13450 13452 $FC 0.0
 DIHEDRAL 13492 13495 13497 13499 $FC 0.0
 IMPROPER 13421 13410 13413 13415 $FC 120.0
 DIHEDRAL 13583 13586 13588 13590 $FC 0.0
 DIHEDRAL 13630 13633 13635 13637 $FC 0.0
 IMPROPER 13559 13548 13551 13553 $FC 120.0
 DIHEDRAL 13721 13724 13726 13728 $FC 0.0
 DIHEDRAL 13768 13771 13773 13775 $FC 0.0
 IMPROPER 13697 13686 13689 13691 $FC 120.0
 DIHEDRAL 13859 13862 13864 13866 $FC 0.0
 DIHEDRAL 13906 13909 13911 13913 $FC 0.0
 IMPROPER 13835 13824 13827 13829 $FC 120.0
 DIHEDRAL 13997 14000 14002 14004 $FC 0.0
 DIHEDRAL 14044 14047 14049 14051 $FC 0.0
 IMPROPER 13973 13962 13965 13967 $FC 120.0
 DIHEDRAL 14135 14138 14140 14142 $FC 0.0
 DIHEDRAL 14182 14185 14187 14189 $FC 0.0
 IMPROPER 14111 14100 14103 14105 $FC 120.0
 DIHEDRAL 14273 14276 14278 14280 $FC 0.0
 DIHEDRAL 14320 14323 14325 14327 $FC 0.0
 IMPROPER 14249 14238 14241 14243 $FC 120.0
 DIHEDRAL 14411 14414 14416 14418 $FC 0.0
 DIHEDRAL 14458 14461 14463 14465 $FC 0.0
 IMPROPER 14387 14376 14379 14381 $FC 120.0
 DIHEDRAL 14549 14552 14554 14556 $FC 0.0
 DIHEDRAL 14596 14599 14601 14603 $FC 0.0
 IMPROPER 14525 14514 14517 14519 $FC 120.0
 DIHEDRAL 14687 14690 14692 14694 $FC 0.0
 DIHEDRAL 14734 14737 14739 14741 $FC 0.0
 IMPROPER 14663 14652 14655 14657 $FC 120.0
 DIHEDRAL 14825 14828 14830 14832 $FC 0.0
 DIHEDRAL 14872 14875 14877 14879 $FC 0.0
 IMPROPER 14801 14790 14793 14795 $FC 120.0
 DIHEDRAL 14963 14966 14968 14970 $FC 0.0
 DIHEDRAL 15010 15013 15015 15017 $FC 0.0
 IMPROPER 14939 14928 14931 14933 $FC 120.0
 DIHEDRAL 15101 15104 15106 15108 $FC 0.0
 DIHEDRAL 15148 15151 15153 15155 $FC 0.0
 IMPROPER 15077 15066 15069 15071 $FC 120.0
 DIHEDRAL 15239 15242 15244 15246 $FC 0.0
 DIHEDRAL 15286 15289 15291 15293 $FC 0.0
 IMPROPER 15215 15204 15207 15209 $FC 120.0
 DIHEDRAL 15377 15380 15382 15384 $FC 0.0
 DIHEDRAL 15424 15427 15429 15431 $FC 0.0
 IMPROPER 15353 15342 15345 15347 $FC 120.0
 DIHEDRAL 15515 15518 15520 15522 $FC 0.0
 DIHEDRAL 15562 15565 15567 15569 $FC 0.0
 IMPROPER 15491 15480 15483 15485 $FC 120.0
 DIHEDRAL 15653 15656 15658 15660 $FC 0.0
 DIHEDRAL 15700 15703 15705 15707 $FC 0.0
 IMPROPER 15629 15618 15621 15623 $FC 120.0
 DIHEDRAL 15791 15794 15796 15798 $FC 0.0
 DIHEDRAL 15838 15841 15843 15845 $FC 0.0
 IMPROPER 15767 15756 15759 15761 $FC 120.0
 DIHEDRAL 15929 15932 15934 15936 $FC 0.0
 DIHEDRAL 15976 15979 15981 15983 $FC 0.0
 IMPROPER 15905 15894 15897 15899 $FC 120.0
 DIHEDRAL 16067 16070 16072 16074 $FC 0.0
 DIHEDRAL 16114 16117 16119 16121 $FC 0.0
 IMPROPER 16043 16032 16035 16037 $FC 120.0
 DIHEDRAL 16205 16208 16210 16212 $FC 0.0
 DIHEDRAL 16252 16255 16257 16259 $FC 0.0
 IMPROPER 16181 16170 16173 16175 $FC 120.0
 DIHEDRAL 16343 16346 16348 16350 $FC 0.0
 DIHEDRAL 16390 16393 16395 16397 $FC 0.0
 IMPROPER 16319 16308 16311 16313 $FC 120.0
 DIHEDRAL 16481 16484 16486 16488 $FC 0.0
 DIHEDRAL 16528 16531 16533 16535 $FC 0.0
 IMPROPER 16457 16446 16449 16451 $FC 120.0
 DIHEDRAL 16619 16622 16624 16626 $FC 0.0
 DIHEDRAL 16666 16669 16671 16673 $FC 0.0
 IMPROPER 16595 16584 16587 16589 $FC 120.0
 DIHEDRAL 16757 16760 16762 16764 $FC 0.0
 DIHEDRAL 16804 16807 16809 16811 $FC 0.0
 IMPROPER 16733 16722 16725 16727 $FC 120.0
 DIHEDRAL 16895 16898 16900 16902 $FC 0.0
 DIHEDRAL 16942 16945 16947 16949 $FC 0.0
 IMPROPER 16871 16860 16863 16865 $FC 120.0
 DIHEDRAL 17033 17036 17038 17040 $FC 0.0
 DIHEDRAL 17080 17083 17085 17087 $FC 0.0
 IMPROPER 17009 16998 17001 17003 $FC 120.0
 DIHEDRAL 17171 17174 17176 17178 $FC 0.0
 DIHEDRAL 17218 17221 17223 17225 $FC 0.0
 IMPROPER 17147 17136 17139 17141 $FC 120.0
 DIHEDRAL 17309 17312 17314 17316 $FC 0.0
 DIHEDRAL 17356 17359 17361 17363 $FC 0.0
 IMPROPER 17285 17274 17277 17279 $FC 120.0
 DIHEDRAL 17447 17450 17452 17454 $FC 0.0
 DIHEDRAL 17494 17497 17499 17501 $FC 0.0
 IMPROPER 17423 17412 17415 17417 $FC 120.0
 DIHEDRAL 17585 17588 17590 17592 $FC 0.0
 DIHEDRAL 17632 17635 17637 17639 $FC 0.0
 IMPROPER 17561 17550 17553 17555 $FC 120.0
