 59 62 64 66 0.0 0.0
 106 109 111 113 0.0 0.0
 35 24 27 29 120.0 2.5
 197 200 202 204 0.0 0.0
 244 247 249 251 0.0 0.0
 173 162 165 167 120.0 2.5
 335 338 340 342 0.0 0.0
 382 385 387 389 0.0 0.0
 311 300 303 305 120.0 2.5
 473 476 478 480 0.0 0.0
 520 523 525 527 0.0 0.0
 449 438 441 443 120.0 2.5
 611 614 616 618 0.0 0.0
 658 661 663 665 0.0 0.0
 587 576 579 581 120.0 2.5
 749 752 754 756 0.0 0.0
 796 799 801 803 0.0 0.0
 725 714 717 719 120.0 2.5
 887 890 892 894 0.0 0.0
 934 937 939 941 0.0 0.0
 863 852 855 857 120.0 2.5
 1025 1028 1030 1032 0.0 0.0
 1072 1075 1077 1079 0.0 0.0
 1001 990 993 995 120.0 2.5
 1163 1166 1168 1170 0.0 0.0
 1210 1213 1215 1217 0.0 0.0
 1139 1128 1131 1133 120.0 2.5
 1301 1304 1306 1308 0.0 0.0
 1348 1351 1353 1355 0.0 0.0
 1277 1266 1269 1271 120.0 2.5
 1439 1442 1444 1446 0.0 0.0
 1486 1489 1491 1493 0.0 0.0
 1415 1404 1407 1409 120.0 2.5
 1577 1580 1582 1584 0.0 0.0
 1624 1627 1629 1631 0.0 0.0
 1553 1542 1545 1547 120.0 2.5
 1715 1718 1720 1722 0.0 0.0
 1762 1765 1767 1769 0.0 0.0
 1691 1680 1683 1685 120.0 2.5
 1853 1856 1858 1860 0.0 0.0
 1900 1903 1905 1907 0.0 0.0
 1829 1818 1821 1823 120.0 2.5
 1991 1994 1996 1998 0.0 0.0
 2038 2041 2043 2045 0.0 0.0
 1967 1956 1959 1961 120.0 2.5
 2129 2132 2134 2136 0.0 0.0
 2176 2179 2181 2183 0.0 0.0
 2105 2094 2097 2099 120.0 2.5
 2267 2270 2272 2274 0.0 0.0
 2314 2317 2319 2321 0.0 0.0
 2243 2232 2235 2237 120.0 2.5
 2405 2408 2410 2412 0.0 0.0
 2452 2455 2457 2459 0.0 0.0
 2381 2370 2373 2375 120.0 2.5
 2543 2546 2548 2550 0.0 0.0
 2590 2593 2595 2597 0.0 0.0
 2519 2508 2511 2513 120.0 2.5
 2681 2684 2686 2688 0.0 0.0
 2728 2731 2733 2735 0.0 0.0
 2657 2646 2649 2651 120.0 2.5
 2819 2822 2824 2826 0.0 0.0
 2866 2869 2871 2873 0.0 0.0
 2795 2784 2787 2789 120.0 2.5
 2957 2960 2962 2964 0.0 0.0
 3004 3007 3009 3011 0.0 0.0
 2933 2922 2925 2927 120.0 2.5
 3095 3098 3100 3102 0.0 0.0
 3142 3145 3147 3149 0.0 0.0
 3071 3060 3063 3065 120.0 2.5
 3233 3236 3238 3240 0.0 0.0
 3280 3283 3285 3287 0.0 0.0
 3209 3198 3201 3203 120.0 2.5
 3371 3374 3376 3378 0.0 0.0
 3418 3421 3423 3425 0.0 0.0
 3347 3336 3339 3341 120.0 2.5
 3509 3512 3514 3516 0.0 0.0
 3556 3559 3561 3563 0.0 0.0
 3485 3474 3477 3479 120.0 2.5
 3647 3650 3652 3654 0.0 0.0
 3694 3697 3699 3701 0.0 0.0
 3623 3612 3615 3617 120.0 2.5
 3785 3788 3790 3792 0.0 0.0
 3832 3835 3837 3839 0.0 0.0
 3761 3750 3753 3755 120.0 2.5
 3923 3926 3928 3930 0.0 0.0
 3970 3973 3975 3977 0.0 0.0
 3899 3888 3891 3893 120.0 2.5
 4061 4064 4066 4068 0.0 0.0
 4108 4111 4113 4115 0.0 0.0
 4037 4026 4029 4031 120.0 2.5
 4199 4202 4204 4206 0.0 0.0
 4246 4249 4251 4253 0.0 0.0
 4175 4164 4167 4169 120.0 2.5
 4337 4340 4342 4344 0.0 0.0
 4384 4387 4389 4391 0.0 0.0
 4313 4302 4305 4307 120.0 2.5
 4475 4478 4480 4482 0.0 0.0
 4522 4525 4527 4529 0.0 0.0
 4451 4440 4443 4445 120.0 2.5
 4613 4616 4618 4620 0.0 0.0
 4660 4663 4665 4667 0.0 0.0
 4589 4578 4581 4583 120.0 2.5
 4751 4754 4756 4758 0.0 0.0
 4798 4801 4803 4805 0.0 0.0
 4727 4716 4719 4721 120.0 2.5
 4889 4892 4894 4896 0.0 0.0
 4936 4939 4941 4943 0.0 0.0
 4865 4854 4857 4859 120.0 2.5
 5027 5030 5032 5034 0.0 0.0
 5074 5077 5079 5081 0.0 0.0
 5003 4992 4995 4997 120.0 2.5
 5165 5168 5170 5172 0.0 0.0
 5212 5215 5217 5219 0.0 0.0
 5141 5130 5133 5135 120.0 2.5
 5303 5306 5308 5310 0.0 0.0
 5350 5353 5355 5357 0.0 0.0
 5279 5268 5271 5273 120.0 2.5
 5441 5444 5446 5448 0.0 0.0
 5488 5491 5493 5495 0.0 0.0
 5417 5406 5409 5411 120.0 2.5
 5579 5582 5584 5586 0.0 0.0
 5626 5629 5631 5633 0.0 0.0
 5555 5544 5547 5549 120.0 2.5
 5717 5720 5722 5724 0.0 0.0
 5764 5767 5769 5771 0.0 0.0
 5693 5682 5685 5687 120.0 2.5
 5855 5858 5860 5862 0.0 0.0
 5902 5905 5907 5909 0.0 0.0
 5831 5820 5823 5825 120.0 2.5
 5993 5996 5998 6000 0.0 0.0
 6040 6043 6045 6047 0.0 0.0
 5969 5958 5961 5963 120.0 2.5
 6131 6134 6136 6138 0.0 0.0
 6178 6181 6183 6185 0.0 0.0
 6107 6096 6099 6101 120.0 2.5
 6269 6272 6274 6276 0.0 0.0
 6316 6319 6321 6323 0.0 0.0
 6245 6234 6237 6239 120.0 2.5
 6407 6410 6412 6414 0.0 0.0
 6454 6457 6459 6461 0.0 0.0
 6383 6372 6375 6377 120.0 2.5
 6545 6548 6550 6552 0.0 0.0
 6592 6595 6597 6599 0.0 0.0
 6521 6510 6513 6515 120.0 2.5
 6683 6686 6688 6690 0.0 0.0
 6730 6733 6735 6737 0.0 0.0
 6659 6648 6651 6653 120.0 2.5
 6821 6824 6826 6828 0.0 0.0
 6868 6871 6873 6875 0.0 0.0
 6797 6786 6789 6791 120.0 2.5
 6959 6962 6964 6966 0.0 0.0
 7006 7009 7011 7013 0.0 0.0
 6935 6924 6927 6929 120.0 2.5
 7097 7100 7102 7104 0.0 0.0
 7144 7147 7149 7151 0.0 0.0
 7073 7062 7065 7067 120.0 2.5
 7235 7238 7240 7242 0.0 0.0
 7282 7285 7287 7289 0.0 0.0
 7211 7200 7203 7205 120.0 2.5
 7373 7376 7378 7380 0.0 0.0
 7420 7423 7425 7427 0.0 0.0
 7349 7338 7341 7343 120.0 2.5
 7511 7514 7516 7518 0.0 0.0
 7558 7561 7563 7565 0.0 0.0
 7487 7476 7479 7481 120.0 2.5
 7649 7652 7654 7656 0.0 0.0
 7696 7699 7701 7703 0.0 0.0
 7625 7614 7617 7619 120.0 2.5
 7787 7790 7792 7794 0.0 0.0
 7834 7837 7839 7841 0.0 0.0
 7763 7752 7755 7757 120.0 2.5
 7925 7928 7930 7932 0.0 0.0
 7972 7975 7977 7979 0.0 0.0
 7901 7890 7893 7895 120.0 2.5
 8063 8066 8068 8070 0.0 0.0
 8110 8113 8115 8117 0.0 0.0
 8039 8028 8031 8033 120.0 2.5
 8201 8204 8206 8208 0.0 0.0
 8248 8251 8253 8255 0.0 0.0
 8177 8166 8169 8171 120.0 2.5
 8339 8342 8344 8346 0.0 0.0
 8386 8389 8391 8393 0.0 0.0
 8315 8304 8307 8309 120.0 2.5
 8477 8480 8482 8484 0.0 0.0
 8524 8527 8529 8531 0.0 0.0
 8453 8442 8445 8447 120.0 2.5
 8615 8618 8620 8622 0.0 0.0
 8662 8665 8667 8669 0.0 0.0
 8591 8580 8583 8585 120.0 2.5
 8753 8756 8758 8760 0.0 0.0
 8800 8803 8805 8807 0.0 0.0
 8729 8718 8721 8723 120.0 2.5
 8891 8894 8896 8898 0.0 0.0
 8938 8941 8943 8945 0.0 0.0
 8867 8856 8859 8861 120.0 2.5
 9029 9032 9034 9036 0.0 0.0
 9076 9079 9081 9083 0.0 0.0
 9005 8994 8997 8999 120.0 2.5
 9167 9170 9172 9174 0.0 0.0
 9214 9217 9219 9221 0.0 0.0
 9143 9132 9135 9137 120.0 2.5
 9305 9308 9310 9312 0.0 0.0
 9352 9355 9357 9359 0.0 0.0
 9281 9270 9273 9275 120.0 2.5
 9443 9446 9448 9450 0.0 0.0
 9490 9493 9495 9497 0.0 0.0
 9419 9408 9411 9413 120.0 2.5
 9581 9584 9586 9588 0.0 0.0
 9628 9631 9633 9635 0.0 0.0
 9557 9546 9549 9551 120.0 2.5
 9719 9722 9724 9726 0.0 0.0
 9766 9769 9771 9773 0.0 0.0
 9695 9684 9687 9689 120.0 2.5
 9857 9860 9862 9864 0.0 0.0
 9904 9907 9909 9911 0.0 0.0
 9833 9822 9825 9827 120.0 2.5
 9995 9998 10000 10002 0.0 0.0
 10042 10045 10047 10049 0.0 0.0
 9971 9960 9963 9965 120.0 2.5
 10133 10136 10138 10140 0.0 0.0
 10180 10183 10185 10187 0.0 0.0
 10109 10098 10101 10103 120.0 2.5
 10271 10274 10276 10278 0.0 0.0
 10318 10321 10323 10325 0.0 0.0
 10247 10236 10239 10241 120.0 2.5
 10409 10412 10414 10416 0.0 0.0
 10456 10459 10461 10463 0.0 0.0
 10385 10374 10377 10379 120.0 2.5
 10547 10550 10552 10554 0.0 0.0
 10594 10597 10599 10601 0.0 0.0
 10523 10512 10515 10517 120.0 2.5
 10685 10688 10690 10692 0.0 0.0
 10732 10735 10737 10739 0.0 0.0
 10661 10650 10653 10655 120.0 2.5
 10823 10826 10828 10830 0.0 0.0
 10870 10873 10875 10877 0.0 0.0
 10799 10788 10791 10793 120.0 2.5
 10961 10964 10966 10968 0.0 0.0
 11008 11011 11013 11015 0.0 0.0
 10937 10926 10929 10931 120.0 2.5
 11099 11102 11104 11106 0.0 0.0
 11146 11149 11151 11153 0.0 0.0
 11075 11064 11067 11069 120.0 2.5
 11237 11240 11242 11244 0.0 0.0
 11284 11287 11289 11291 0.0 0.0
 11213 11202 11205 11207 120.0 2.5
 11375 11378 11380 11382 0.0 0.0
 11422 11425 11427 11429 0.0 0.0
 11351 11340 11343 11345 120.0 2.5
 11513 11516 11518 11520 0.0 0.0
 11560 11563 11565 11567 0.0 0.0
 11489 11478 11481 11483 120.0 2.5
 11651 11654 11656 11658 0.0 0.0
 11698 11701 11703 11705 0.0 0.0
 11627 11616 11619 11621 120.0 2.5
 11789 11792 11794 11796 0.0 0.0
 11836 11839 11841 11843 0.0 0.0
 11765 11754 11757 11759 120.0 2.5
 11927 11930 11932 11934 0.0 0.0
 11974 11977 11979 11981 0.0 0.0
 11903 11892 11895 11897 120.0 2.5
 12065 12068 12070 12072 0.0 0.0
 12112 12115 12117 12119 0.0 0.0
 12041 12030 12033 12035 120.0 2.5
 12203 12206 12208 12210 0.0 0.0
 12250 12253 12255 12257 0.0 0.0
 12179 12168 12171 12173 120.0 2.5
 12341 12344 12346 12348 0.0 0.0
 12388 12391 12393 12395 0.0 0.0
 12317 12306 12309 12311 120.0 2.5
 12479 12482 12484 12486 0.0 0.0
 12526 12529 12531 12533 0.0 0.0
 12455 12444 12447 12449 120.0 2.5
 12617 12620 12622 12624 0.0 0.0
 12664 12667 12669 12671 0.0 0.0
 12593 12582 12585 12587 120.0 2.5
 12755 12758 12760 12762 0.0 0.0
 12802 12805 12807 12809 0.0 0.0
 12731 12720 12723 12725 120.0 2.5
 12893 12896 12898 12900 0.0 0.0
 12940 12943 12945 12947 0.0 0.0
 12869 12858 12861 12863 120.0 2.5
 13031 13034 13036 13038 0.0 0.0
 13078 13081 13083 13085 0.0 0.0
 13007 12996 12999 13001 120.0 2.5
 13169 13172 13174 13176 0.0 0.0
 13216 13219 13221 13223 0.0 0.0
 13145 13134 13137 13139 120.0 2.5
 13307 13310 13312 13314 0.0 0.0
 13354 13357 13359 13361 0.0 0.0
 13283 13272 13275 13277 120.0 2.5
 13445 13448 13450 13452 0.0 0.0
 13492 13495 13497 13499 0.0 0.0
 13421 13410 13413 13415 120.0 2.5
 13583 13586 13588 13590 0.0 0.0
 13630 13633 13635 13637 0.0 0.0
 13559 13548 13551 13553 120.0 2.5
 13721 13724 13726 13728 0.0 0.0
 13768 13771 13773 13775 0.0 0.0
 13697 13686 13689 13691 120.0 2.5
 13859 13862 13864 13866 0.0 0.0
 13906 13909 13911 13913 0.0 0.0
 13835 13824 13827 13829 120.0 2.5
 13997 14000 14002 14004 0.0 0.0
 14044 14047 14049 14051 0.0 0.0
 13973 13962 13965 13967 120.0 2.5
 14135 14138 14140 14142 0.0 0.0
 14182 14185 14187 14189 0.0 0.0
 14111 14100 14103 14105 120.0 2.5
 14273 14276 14278 14280 0.0 0.0
 14320 14323 14325 14327 0.0 0.0
 14249 14238 14241 14243 120.0 2.5
 14411 14414 14416 14418 0.0 0.0
 14458 14461 14463 14465 0.0 0.0
 14387 14376 14379 14381 120.0 2.5
 14549 14552 14554 14556 0.0 0.0
 14596 14599 14601 14603 0.0 0.0
 14525 14514 14517 14519 120.0 2.5
 14687 14690 14692 14694 0.0 0.0
 14734 14737 14739 14741 0.0 0.0
 14663 14652 14655 14657 120.0 2.5
 14825 14828 14830 14832 0.0 0.0
 14872 14875 14877 14879 0.0 0.0
 14801 14790 14793 14795 120.0 2.5
 14963 14966 14968 14970 0.0 0.0
 15010 15013 15015 15017 0.0 0.0
 14939 14928 14931 14933 120.0 2.5
 15101 15104 15106 15108 0.0 0.0
 15148 15151 15153 15155 0.0 0.0
 15077 15066 15069 15071 120.0 2.5
 15239 15242 15244 15246 0.0 0.0
 15286 15289 15291 15293 0.0 0.0
 15215 15204 15207 15209 120.0 2.5
 15377 15380 15382 15384 0.0 0.0
 15424 15427 15429 15431 0.0 0.0
 15353 15342 15345 15347 120.0 2.5
 15515 15518 15520 15522 0.0 0.0
 15562 15565 15567 15569 0.0 0.0
 15491 15480 15483 15485 120.0 2.5
 15653 15656 15658 15660 0.0 0.0
 15700 15703 15705 15707 0.0 0.0
 15629 15618 15621 15623 120.0 2.5
 15791 15794 15796 15798 0.0 0.0
 15838 15841 15843 15845 0.0 0.0
 15767 15756 15759 15761 120.0 2.5
 15929 15932 15934 15936 0.0 0.0
 15976 15979 15981 15983 0.0 0.0
 15905 15894 15897 15899 120.0 2.5
 16067 16070 16072 16074 0.0 0.0
 16114 16117 16119 16121 0.0 0.0
 16043 16032 16035 16037 120.0 2.5
 16205 16208 16210 16212 0.0 0.0
 16252 16255 16257 16259 0.0 0.0
 16181 16170 16173 16175 120.0 2.5
 16343 16346 16348 16350 0.0 0.0
 16390 16393 16395 16397 0.0 0.0
 16319 16308 16311 16313 120.0 2.5
 16481 16484 16486 16488 0.0 0.0
 16528 16531 16533 16535 0.0 0.0
 16457 16446 16449 16451 120.0 2.5
 16619 16622 16624 16626 0.0 0.0
 16666 16669 16671 16673 0.0 0.0
 16595 16584 16587 16589 120.0 2.5
 16757 16760 16762 16764 0.0 0.0
 16804 16807 16809 16811 0.0 0.0
 16733 16722 16725 16727 120.0 2.5
 16895 16898 16900 16902 0.0 0.0
 16942 16945 16947 16949 0.0 0.0
 16871 16860 16863 16865 120.0 2.5
 17033 17036 17038 17040 0.0 0.0
 17080 17083 17085 17087 0.0 0.0
 17009 16998 17001 17003 120.0 2.5
 17171 17174 17176 17178 0.0 0.0
 17218 17221 17223 17225 0.0 0.0
 17147 17136 17139 17141 120.0 2.5
 17309 17312 17314 17316 0.0 0.0
 17356 17359 17361 17363 0.0 0.0
 17285 17274 17277 17279 120.0 2.5
 17447 17450 17452 17454 0.0 0.0
 17494 17497 17499 17501 0.0 0.0
 17423 17412 17415 17417 120.0 2.5
 17585 17588 17590 17592 0.0 0.0
 17632 17635 17637 17639 0.0 0.0
 17561 17550 17553 17555 120.0 2.5
