 19
 157
 295
 433
 571
 709
 847
 985
 1123
 1261
 1399
 1537
 1675
 1813
 1951
 2089
 2227
 2365
 2503
 2641
 2779
 2917
 3055
 3193
 3331
 3469
 3607
 3745
 3883
 4021
 4159
 4297
 4435
 4573
 4711
 4849
 4987
 5125
 5263
 5401
 5539
 5677
 5815
 5953
 6091
 6229
 6367
 6505
 6643
 6781
 6919
 7057
 7195
 7333
 7471
 7609
 7747
 7885
 8023
 8161
 8299
 8437
 8575
 8713
 8851
 8989
 9127
 9265
 9403
 9541
 9679
 9817
 9955
 10093
 10231
 10369
 10507
 10645
 10783
 10921
 11059
 11197
 11335
 11473
 11611
 11749
 11887
 12025
 12163
 12301
 12439
 12577
 12715
 12853
 12991
 13129
 13267
 13405
 13543
 13681
 13819
 13957
 14095
 14233
 14371
 14509
 14647
 14785
 14923
 15061
 15199
 15337
 15475
 15613
 15751
 15889
 16027
 16165
 16303
 16441
 16579
 16717
 16855
 16993
 17131
 17269
 17407
 17545
